4.1.1 [[[0,0,0,0,1],[-120,-1250,-4375,-6250,-3125]]] [-200,5] [[[1,-3125]],[],[]]
4.1.2 [[[0,0,0,0,1],[-15120,-240000,-1040000,-1600000,-800000]]] [-288,1] [[[1,-800000]],[],[]]
4.1.3 [[[0,0,0,0,1],[-16,-128,-384,-512,-256]]] [-128,16] [[[1,-256]],[],[]]
4.1.4 [[[0,0,0,0,1],[-36,-324,-1053,-1458,-729]]] [-144,9] [[[1,-729]],[],[]]
4.1.5 [[[0,0,0,0,1],[-24,-204,-636,-864,-432]]] [-144,12] [[[1,-432]],[],[]]
4.1.6 [[[0,0,0,0,1],[-48,-448,-1472,-2048,-1024]]] [-176,8] [[[1,-1024]],[],[]]
4.1.7 [[[0,0,0,0,1],[-1680,-22528,-88064,-131072,-65536]]] [-296,2] [[[1,-65536]],[],[]]
4.1.8 [[[0,0,0,0,1],[-360,-4212,-15876,-23328,-11664]]] [-204,3] [[[1,-11664]],[],[]]
4.1.9 [[[0,0,0,0,1],[-55440,-953856,-3939840,-5971968,-2985984]]] [-484,1] [[[1,-2985984]],[],[]]
4.1.10 [[[0,0,0,0,1],[-144,-1536,-5632,-8192,-4096]]] [-144,4] [[[1,-4096]],[],[]]
4.1.11 [[[0,0,0,0,1],[-72,-708,-2436,-3456,-1728]]] [-156,6] [[[1,-1728]],[],[]]
4.1.12 [[[0,0,0,0,1],[-720,-9024,-36672,-55296,-27648]]] [-156,2] [[[1,-27648]],[],[]]
4.1.13 [[[0,0,0,0,1],[-3600,-51840,-238464,-373248,-186624]]] [-120,1] [[[1,-186624]],[],[]]
4.1.14 [[[0,0,0,0,1],[-240,-2688,-9600,-13824,-6912]]] [-256,4] [[[1,-6912]],[],[]]
4.2.5 [[[0,0,0,0,1],[-12,-92,-268,-352,-176],[-144,-768,-1408,-1024,-256]]] [-120,20] [[[0,0,1]],[],[]]
4.3.7 [[[0,0,0,0,1],[18,54,-54,-216,-108],[-49572,-215784,-341172,-233280,-58320],[-9447840,-36846576,-46294416,-22674816,-3779136]]] [12,9] [[[1,-324]],[],[[-1,-108]]]
HV [[[0,0,0,1],[-4,-18,-30,-20],[64,192,192,64]]] [0,1] [[[1,-20,64]],[],[]]
quartic [[[0,0,0,1],[-24,-176,-384,-256]]] [0,1] [[[1,-256]],[],[]]
